824
182 174
152 99
39 456
693 621
6 69
684 373
657 183
215 731
84 298
25 4
99 76
78 94
535 612
367 529
637 546
564 427
431 400
334 303
777 372
743 65
32 62
733 768
182 732
605 706
38 556
477 9
721 88
246 366
184 240
317 197
6 1
27 68
324 560
639 477
412 19
268 402
392 450
401 267
3 355
179 510
132 509
507 218
695 422
150 126
207 280
12 16
189 107
249 340
119 233
124 176
446 426
124 59
153 2
499 118
344 625
67 97
75 248
58 81
410 462
257 218
121 648
303 405
100 112
303 199
9 10
641 32
226 454
156 312
140 294
117 68
322 532
22 14
395 527
328 670
43 261
821 372
55 276
149 136
93 729
241 638
127 335
615 51
469 361
695 770
376 379
30 37
137 156
583 37
31 33
219 424
128 175
5 188
518 259
210 442
223 576
744 315
315 3
664 524
669 614
389 55
816 790
18 432
193 135
376 146
118 31
305 514
765 313
80 210
247 47
524 353
39 392
361 277
528 647
651 697
559 498
534 44
204 165
52 806
20 2
327 331
487 633
14 38
757 71
91 411
639 696
266 327
194 242
506 410
525 543
65 5
18 106
221 508
93 98
132 80
342 808
218 665
584 351
49 2
42 321
497 78
662 155
408 492
16 329
623 610
204 627
73 18
180 162
66 18
236 177
252 125
189 282
122 465
505 613
246 385
364 230
42 471
458 804
206 129
542 118
147 73
762 354
191 86
448 390
169 755
48 34
742 437
49 162
119 661
530 558
698 603
428 24
209 142
630 682
164 177
227 778
590 164
435 622
689 613
675 308
3 9
548 734
72 63
407 655
30 51
647 715
287 129
11 86
647 666
245 168
490 249
61 785
470 769
339 145
16 76
97 318
3 116
414 255
288 159
305 427
316 181
299 150
333 208
17 195
49 52
643 148
54 449
215 758
296 204
305 158
349 400
60 71
161 113
526 134
256 472
302 309
7 2
37 217
289 690
183 203
32 31
386 254
126 99
49 823
390 107
478 537
21 2
250 234
52 253
254 172
59 205
165 197
219 243
79 33
138 200
136 135
488 286
687 47
17 181
203 493
586 18
92 44
819 729
547 328
178 67
10 23
2 1
444 482
519 629
491 53
585 279
288 760
189 505
170 186
186 307
173 159
87 228
383 329
30 34
24 677
316 705
382 131
188 202
103 789
569 290
673 391
406 703
57 549
68 219
379 730
3 5
799 109
481 573
359 141
305 579
200 409
225 103
165 319
475 133
146 91
752 10
487 410
37 122
283 727
15 362
408 331
44 1
180 235
34 131
154 109
198 793
349 29
350 468
423 221
301 396
151 33
610 40
246 119
400 618
562 164
195 266
440 199
601 389
438 381
540 329
106 306
374 735
338 737
518 640
577 681
236 244
796 215
32 211
6 733
219 348
138 123
552 767
308 74
811 729
717 528
171 128
44 338
694 761
445 77
34 230
130 68
168 123
342 144
619 685
697 772
201 194
113 418
352 312
659 652
88 754
530 509
179 47
98 784
12 28
154 545
357 9
141 358
512 324
174 23
501 718
314 200
316 674
58 275
338 724
145 50
256 229
614 387
113 111
557 370
263 805
388 142
143 485
290 452
27 207
521 726
260 87
270 628
126 403
187 208
187 48
104 185
351 809
642 243
503 275
706 728
519 442
719 59
470 361
247 749
123 270
605 654
788 416
494 320
385 779
621 438
91 258
232 273
574 94
47 425
575 2
704 461
790 317
676 155
716 161
102 238
415 380
37 332
166 513
125 221
102 269
115 551
167 553
30 818
782 524
20 27
417 304
266 686
129 63
109 2
304 257
214 347
550 204
196 607
193 337
6 8
80 1
722 694
35 18
4 1
84 5
442 595
480 16
36 780
358 578
305 374
43 283
149 597
18 14
398 168
336 173
569 672
800 627
455 143
481 369
11 36
59 192
293 178
47 17
632 321
822 747
125 80
525 167
270 443
68 786
95 224
31 70
626 376
539 237
390 609
232 154
88 96
481 741
182 198
177 284
620 553
326 203
459 320
303 700
85 433
139 25
753 360
11 3
231 301
640 663
229 35
191 292
667 460
536 339
801 126
218 87
759 428
170 365
350 338
13 57
291 90
38 46
810 682
268 151
447 79
165 196
142 410
535 499
725 179
373 266
136 538
141 34
371 9
489 26
353 9
17 281
621 635
563 242
412 604
554 369
584 824
377 439
3 436
26 21
636 338
40 484
740 624
478 791
222 130
88 105
123 16
306 680
605 555
92 486
114 52
521 504
691 422
203 603
566 408
391 552
652 157
237 182
483 383
40 16
29 190
23 213
239 95
56 360
489 571
458 646
458 501
302 708
344 329
455 478
33 751
92 223
570 261
363 236
322 404
466 135
594 630
792 79
451 555
160 78
19 142
212 111
93 103
76 170
506 546
400 589
256 581
59 234
76 169
598 541
738 509
794 196
184 92
624 451
694 158
110 345
710 442
569 795
711 217
147 216
707 71
649 230
24 15
333 368
451 433
653 27
231 135
341 239
391 371
389 523
80 82
286 241
102 140
171 264
29 56
471 587
11 101
272 99
105 135
206 241
152 803
132 259
369 367
26 516
747 555
269 421
7 50
285 223
429 36
148 117
43 21
423 463
457 316
403 709
122 214
124 158
121 616
422 387
46 399
227 596
297 10
467 61
115 23
119 608
476 251
183 496
158 172
454 771
111 45
531 318
205 324
125 320
450 750
416 76
14 249
502 342
155 52
260 430
328 763
142 167
71 220
83 11
381 242
25 289
107 561
55 10
9 215
397 249
67 59
776 452
331 568
226 28
349 592
678 19
611 219
265 520
401 591
656 628
80 90
617 388
74 102
658 817
254 426
380 29
53 157
63 17
594 196
699 229
458 377
85 70
68 267
77 21
343 31
279 395
797 696
258 387
24 75
745 628
61 12
48 310
74 32
255 142
19 631
511 230
354 144
756 427
586 602
62 108
163 72
73 271
39 45
60 46
651 227
150 679
701 140
714 101
437 388
739 734
365 474
397 434
145 419
262 79
461 206
416 736
276 588
781 352
152 565
546 650
367 139
702 774
47 64
599 354
133 5
356 215
2 15
29 18
438 820
95 18
95 166
142 692
165 11
522 748
99 183
222 746
23 107
407 290
31 89
556 702
59 660
63 127
300 215
220 504
278 63
28 274
39 58
460 36
219 295
713 192
91 88
143 104
87 34
54 42
548 188
815 322
798 583
515 164
311 244
377 111
773 150
231 413
134 107
31 11
6 263
174 645
528 445
88 79
148 328
544 300
117 688
3 1
28 194
95 567
257 441
3 12
128 73
33 435
325 24
59 5
144 88
22 330
11 164
600 18
495 606
41 28
572 29
227 194
370 251
120 103
787 463
81 199
119 101
13 313
10 110
384 345
89 764
131 351
189 644
261 582
153 500
317 814
277 38
464 452
378 89
517 212
10 14
276 495
17 12
619 414
44 577
7 19
76 93
580 521
323 272
278 813
100 74
2 53
123 302
9 444
167 807
78 56
71 453
766 692
263 783
394 2
50 683
775 429
498 58
232 290
229 279
432 533
515 668
514 671
159 131
104 346
420 212
393 18
